{
    "camera_model": "OPENCV",
    "orientation_override": "none",
    "frames": [
        {
            "fl_x": 781.9872832428418,
            "fl_y": 781.9872832428418,
            "cx": 489.4672882636424,
            "cy": 365.841552560125,
            "w": 994,
            "h": 738,
            "file_path": "./images/frame_00001.jpg",
            "transform_matrix": [
                [
                    0.5730788707733154,
                    0.2597883343696594,
                    0.7772327065467834,
                    0.006886271294206381
                ],
                [
                    -0.11282798647880554,
                    0.9644030928611755,
                    -0.23915790021419525,
                    -0.005377591587603092
                ],
                [
                    -0.8116960525512695,
                    0.04936273768544197,
                    0.5819904208183289,
                    0.00531157897785306
                ],
                [
                    0.0,
                    0.0,
                    0.0,
                    1.0
                ]
            ]
        },
        {
            "fl_x": 781.9872832428418,
            "fl_y": 781.9872832428418,
            "cx": 489.4672882636424,
            "cy": 365.841552560125,
            "w": 994,
            "h": 738,
            "file_path": "./images/frame_00002.jpg",
            "transform_matrix": [
                [
                    0.5902013182640076,
                    0.12262699753046036,
                    0.7978878021240234,
                    0.020711377263069153
                ],
                [
                    -0.06504961848258972,
                    0.9924052357673645,
                    -0.10440477728843689,
                    0.015831761062145233
                ],
                [
                    -0.8046309351921082,
                    0.009717544540762901,
                    0.5936957597732544,
                    0.010735077783465385
                ],
                [
                    0.0,
                    0.0,
                    0.0,
                    1.0
                ]
            ]
        },
        {
            "fl_x": 781.9872832428418,
            "fl_y": 781.9872832428418,
            "cx": 489.4672882636424,
            "cy": 365.841552560125,
            "w": 994,
            "h": 738,
            "file_path": "./images/frame_00003.jpg",
            "transform_matrix": [
                [
                    0.5653073787689209,
                    0.06784548610448837,
                    0.8220854997634888,
                    0.07318670302629471
                ],
                [
                    -0.01403054129332304,
                    0.9972584843635559,
                    -0.07265414297580719,
                    0.07213068008422852
                ],
                [
                    -0.8247609734535217,
                    0.029537620022892952,
                    0.5647095441818237,
                    0.03214645758271217
                ],
                [
                    0.0,
                    0.0,
                    0.0,
                    1.0
                ]
            ]
        },
        {
            "fl_x": 781.9872832428418,
            "fl_y": 781.9872832428418,
            "cx": 489.4672882636424,
            "cy": 365.841552560125,
            "w": 994,
            "h": 738,
            "file_path": "./images/frame_00004.jpg",
            "transform_matrix": [
                [
                    0.5917165279388428,
                    -0.19995208084583282,
                    0.7809550166130066,
                    0.10437481850385666
                ],
                [
                    0.12704989314079285,
                    0.979775071144104,
                    0.15459346771240234,
                    0.15225724875926971
                ],
                [
                    -0.7960715293884277,
                    0.007744746748358011,
                    0.60515296459198,
                    0.015656031668186188
                ],
                [
                    0.0,
                    0.0,
                    0.0,
                    1.0
                ]
            ]
        },
        {
            "fl_x": 781.9872832428418,
            "fl_y": 781.9872832428418,
            "cx": 489.4672882636424,
            "cy": 365.841552560125,
            "w": 994,
            "h": 738,
            "file_path": "./images/frame_00005.jpg",
            "transform_matrix": [
                [
                    0.5420287847518921,
                    -0.4386294484138489,
                    0.7168047428131104,
                    0.10556900501251221
                ],
                [
                    0.19176912307739258,
                    0.8950280547142029,
                    0.4026777148246765,
                    0.30886080861091614
                ],
                [
                    -0.8181866407394409,
                    -0.08080189675092697,
                    0.5692465305328369,
                    -0.00245682499371469
                ],
                [
                    0.0,
                    0.0,
                    0.0,
                    1.0
                ]
            ]
        },
        {
            "fl_x": 781.9872832428418,
            "fl_y": 781.9872832428418,
            "cx": 489.4672882636424,
            "cy": 365.841552560125,
            "w": 994,
            "h": 738,
            "file_path": "./images/frame_00006.jpg",
            "transform_matrix": [
                [
                    0.4594896137714386,
                    -0.6377594470977783,
                    0.6181684136390686,
                    0.07424087077379227
                ],
                [
                    0.3752003610134125,
                    0.770219087600708,
                    0.5157395005226135,
                    0.34947508573532104
                ],
                [
                    -0.8050428628921509,
                    -0.005039933603256941,
                    0.5931952595710754,
                    -0.035408198833465576
                ],
                [
                    0.0,
                    0.0,
                    0.0,
                    1.0
                ]
            ]
        },
        {
            "fl_x": 781.9872832428418,
            "fl_y": 781.9872832428418,
            "cx": 489.4672882636424,
            "cy": 365.841552560125,
            "w": 994,
            "h": 738,
            "file_path": "./images/frame_00007.jpg",
            "transform_matrix": [
                [
                    0.1713130921125412,
                    -0.7949046492576599,
                    0.5820467472076416,
                    -0.004999294877052307
                ],
                [
                    0.4957970082759857,
                    0.5800800323486328,
                    0.6462913751602173,
                    0.41754597425460815
                ],
                [
                    -0.8513736724853516,
                    0.1778588742017746,
                    0.4934866428375244,
                    -0.03594871610403061
                ],
                [
                    0.0,
                    0.0,
                    0.0,
                    1.0
                ]
            ]
        },
        {
            "fl_x": 781.9872832428418,
            "fl_y": 781.9872832428418,
            "cx": 489.4672882636424,
            "cy": 365.841552560125,
            "w": 994,
            "h": 738,
            "file_path": "./images/frame_00008.jpg",
            "transform_matrix": [
                [
                    0.13654635846614838,
                    -0.8573504686355591,
                    0.49629154801368713,
                    -0.06950491666793823
                ],
                [
                    0.4804266393184662,
                    0.4954373240470886,
                    0.7236933708190918,
                    0.43425044417381287
                ],
                [
                    -0.866340160369873,
                    0.13961400091648102,
                    0.47954416275024414,
                    -0.03844311460852623
                ],
                [
                    0.0,
                    0.0,
                    0.0,
                    1.0
                ]
            ]
        },
        {
            "fl_x": 781.9872832428418,
            "fl_y": 781.9872832428418,
            "cx": 489.4672882636424,
            "cy": 365.841552560125,
            "w": 994,
            "h": 738,
            "file_path": "./images/frame_00009.jpg",
            "transform_matrix": [
                [
                    0.0944339707493782,
                    -0.9464241862297058,
                    0.308809757232666,
                    -0.18536487221717834
                ],
                [
                    0.4673776626586914,
                    0.31603366136550903,
                    0.8256396651268005,
                    0.4832230508327484
                ],
                [
                    -0.878999650478363,
                    0.06636235117912292,
                    0.4721818268299103,
                    -0.027365317568182945
                ],
                [
                    0.0,
                    0.0,
                    0.0,
                    1.0
                ]
            ]
        },
        {
            "fl_x": 781.9872832428418,
            "fl_y": 781.9872832428418,
            "cx": 489.4672882636424,
            "cy": 365.841552560125,
            "w": 994,
            "h": 738,
            "file_path": "./images/frame_00010.jpg",
            "transform_matrix": [
                [
                    -0.03826074302196503,
                    -0.9937952756881714,
                    0.10443665087223053,
                    -0.23958750069141388
                ],
                [
                    0.5267472863197327,
                    0.06875542551279068,
                    0.847236692905426,
                    0.44876280426979065
                ],
                [
                    -0.849160373210907,
                    0.08742763102054596,
                    0.5208483934402466,
                    -0.04374665394425392
                ],
                [
                    0.0,
                    0.0,
                    0.0,
                    1.0
                ]
            ]
        },
        {
            "fl_x": 781.9872832428418,
            "fl_y": 781.9872832428418,
            "cx": 489.4672882636424,
            "cy": 365.841552560125,
            "w": 994,
            "h": 738,
            "file_path": "./images/frame_00011.jpg",
            "transform_matrix": [
                [
                    -0.2494424432516098,
                    -0.9671705961227417,
                    -0.04857511818408966,
                    -0.2480163276195526
                ],
                [
                    0.5425269603729248,
                    -0.18112054467201233,
                    0.8202803730964661,
                    0.42020174860954285
                ],
                [
                    -0.8021489977836609,
                    0.17825941741466522,
                    0.5698952674865723,
                    -0.023500341922044754
                ],
                [
                    0.0,
                    0.0,
                    0.0,
                    1.0
                ]
            ]
        },
        {
            "fl_x": 781.9872832428418,
            "fl_y": 781.9872832428418,
            "cx": 489.4672882636424,
            "cy": 365.841552560125,
            "w": 994,
            "h": 738,
            "file_path": "./images/frame_00012.jpg",
            "transform_matrix": [
                [
                    -0.2468588799238205,
                    -0.9521192908287048,
                    -0.1803593635559082,
                    -0.3164527416229248
                ],
                [
                    0.5177059173583984,
                    -0.28691044449806213,
                    0.806016743183136,
                    0.4121379554271698
                ],
                [
                    -0.8191710710525513,
                    0.10559926927089691,
                    0.5637441873550415,
                    -0.017201734706759453
                ],
                [
                    0.0,
                    0.0,
                    0.0,
                    1.0
                ]
            ]
        },
        {
            "fl_x": 781.9872832428418,
            "fl_y": 781.9872832428418,
            "cx": 489.4672882636424,
            "cy": 365.841552560125,
            "w": 994,
            "h": 738,
            "file_path": "./images/frame_00013.jpg",
            "transform_matrix": [
                [
                    -0.2500317692756653,
                    -0.8823931813240051,
                    -0.39858049154281616,
                    -0.3344463109970093
                ],
                [
                    0.4407253861427307,
                    -0.47025707364082336,
                    0.7646040916442871,
                    0.40625232458114624
                ],
                [
                    -0.8621166944503784,
                    0.015510755591094494,
                    0.5064722895622253,
                    -0.01876555196940899
                ],
                [
                    0.0,
                    0.0,
                    0.0,
                    1.0
                ]
            ]
        },
        {
            "fl_x": 781.9872832428418,
            "fl_y": 781.9872832428418,
            "cx": 489.4672882636424,
            "cy": 365.841552560125,
            "w": 994,
            "h": 738,
            "file_path": "./images/frame_00014.jpg",
            "transform_matrix": [
                [
                    -0.21825088560581207,
                    -0.8011401891708374,
                    -0.5572620034217834,
                    -0.36703407764434814
                ],
                [
                    0.3534180819988251,
                    -0.5971525311470032,
                    0.7200725674629211,
                    0.37905216217041016
                ],
                [
                    -0.9096494913101196,
                    -0.039789989590644836,
                    0.41346651315689087,
                    -0.028305156156420708
                ],
                [
                    0.0,
                    0.0,
                    0.0,
                    1.0
                ]
            ]
        },
        {
            "fl_x": 781.9872832428418,
            "fl_y": 781.9872832428418,
            "cx": 489.4672882636424,
            "cy": 365.841552560125,
            "w": 994,
            "h": 738,
            "file_path": "./images/frame_00015.jpg",
            "transform_matrix": [
                [
                    -0.3115382790565491,
                    -0.8663912415504456,
                    -0.39026933908462524,
                    -0.3850722908973694
                ],
                [
                    0.42357495427131653,
                    -0.4942651689052582,
                    0.7591351866722107,
                    0.3125936985015869
                ],
                [
                    -0.8506045937538147,
                    0.07119134068489075,
                    0.5209641456604004,
                    -0.008911739103496075
                ],
                [
                    0.0,
                    0.0,
                    0.0,
                    1.0
                ]
            ]
        },
        {
            "fl_x": 781.9872832428418,
            "fl_y": 781.9872832428418,
            "cx": 489.4672882636424,
            "cy": 365.841552560125,
            "w": 994,
            "h": 738,
            "file_path": "./images/frame_00016.jpg",
            "transform_matrix": [
                [
                    -0.3688826262950897,
                    -0.82426518201828,
                    -0.4295492470264435,
                    -0.3776310980319977
                ],
                [
                    0.48111408948898315,
                    -0.5647406578063965,
                    0.6705201268196106,
                    0.31752246618270874
                ],
                [
                    -0.7952703237533569,
                    0.04068102687597275,
                    0.6048886179924011,
                    0.01810234971344471
                ],
                [
                    0.0,
                    0.0,
                    0.0,
                    1.0
                ]
            ]
        },
        {
            "fl_x": 781.9872832428418,
            "fl_y": 781.9872832428418,
            "cx": 489.4672882636424,
            "cy": 365.841552560125,
            "w": 994,
            "h": 738,
            "file_path": "./images/frame_00017.jpg",
            "transform_matrix": [
                [
                    -0.41205307841300964,
                    -0.7469251751899719,
                    -0.5218381285667419,
                    -0.3930265009403229
                ],
                [
                    0.499031126499176,
                    -0.6641824841499329,
                    0.5566233396530151,
                    0.3372519314289093
                ],
                [
                    -0.7623517513275146,
                    -0.031055117025971413,
                    0.6464173793792725,
                    0.05141193047165871
                ],
                [
                    0.0,
                    0.0,
                    0.0,
                    1.0
                ]
            ]
        },
        {
            "fl_x": 781.9872832428418,
            "fl_y": 781.9872832428418,
            "cx": 489.4672882636424,
            "cy": 365.841552560125,
            "w": 994,
            "h": 738,
            "file_path": "./images/frame_00018.jpg",
            "transform_matrix": [
                [
                    -0.49334296584129333,
                    -0.7332632541656494,
                    -0.4679078161716461,
                    -0.4179938733577728
                ],
                [
                    0.533947765827179,
                    -0.6799421906471252,
                    0.5025718212127686,
                    0.35514581203460693
                ],
                [
                    -0.6866676807403564,
                    -0.001898068469017744,
                    0.7269689440727234,
                    0.0841519758105278
                ],
                [
                    0.0,
                    0.0,
                    0.0,
                    1.0
                ]
            ]
        },
        {
            "fl_x": 781.9872832428418,
            "fl_y": 781.9872832428418,
            "cx": 489.4672882636424,
            "cy": 365.841552560125,
            "w": 994,
            "h": 738,
            "file_path": "./images/frame_00019.jpg",
            "transform_matrix": [
                [
                    -0.7074979543685913,
                    -0.5496909618377686,
                    -0.4441694915294647,
                    -0.4571612775325775
                ],
                [
                    0.46413156390190125,
                    -0.8353651165962219,
                    0.29452839493751526,
                    0.26179203391075134
                ],
                [
                    -0.5329433083534241,
                    0.002225136151537299,
                    0.8461480140686035,
                    0.0753614529967308
                ],
                [
                    0.0,
                    0.0,
                    0.0,
                    1.0
                ]
            ]
        },
        {
            "fl_x": 781.9872832428418,
            "fl_y": 781.9872832428418,
            "cx": 489.4672882636424,
            "cy": 365.841552560125,
            "w": 994,
            "h": 738,
            "file_path": "./images/frame_00020.jpg",
            "transform_matrix": [
                [
                    -0.9181529879570007,
                    -0.0791177824139595,
                    -0.3882465958595276,
                    -0.49793803691864014
                ],
                [
                    -0.013459708541631699,
                    -0.973068118095398,
                    0.23012451827526093,
                    0.16194070875644684
                ],
                [
                    -0.3959973454475403,
                    0.2165152132511139,
                    0.892360508441925,
                    0.10140848904848099
                ],
                [
                    0.0,
                    0.0,
                    0.0,
                    1.0
                ]
            ]
        },
        {
            "fl_x": 781.9872832428418,
            "fl_y": 781.9872832428418,
            "cx": 489.4672882636424,
            "cy": 365.841552560125,
            "w": 994,
            "h": 738,
            "file_path": "./images/frame_00021.jpg",
            "transform_matrix": [
                [
                    -0.9003105759620667,
                    0.20022176206111908,
                    -0.386461079120636,
                    -0.4463251531124115
                ],
                [
                    -0.259277880191803,
                    -0.9598893523216248,
                    0.10671158879995346,
                    0.10383957624435425
                ],
                [
                    -0.3495939075946808,
                    0.19627438485622406,
                    0.9161115884780884,
                    0.06644933670759201
                ],
                [
                    0.0,
                    0.0,
                    0.0,
                    1.0
                ]
            ]
        },
        {
            "fl_x": 781.9872832428418,
            "fl_y": 781.9872832428418,
            "cx": 489.4672882636424,
            "cy": 365.841552560125,
            "w": 994,
            "h": 738,
            "file_path": "./images/frame_00022.jpg",
            "transform_matrix": [
                [
                    -0.843845546245575,
                    0.2176903486251831,
                    -0.4904443323612213,
                    -0.4240146279335022
                ],
                [
                    -0.25027647614479065,
                    -0.9681739807128906,
                    0.0008819634094834328,
                    0.09162711352109909
                ],
                [
                    -0.47464343905448914,
                    0.12349092215299606,
                    0.8714720606803894,
                    0.01905711367726326
                ],
                [
                    0.0,
                    0.0,
                    0.0,
                    1.0
                ]
            ]
        },
        {
            "fl_x": 781.9872832428418,
            "fl_y": 781.9872832428418,
            "cx": 489.4672882636424,
            "cy": 365.841552560125,
            "w": 994,
            "h": 738,
            "file_path": "./images/frame_00023.jpg",
            "transform_matrix": [
                [
                    -0.7455519437789917,
                    0.1018226221203804,
                    -0.6586230993270874,
                    -0.442809134721756
                ],
                [
                    -0.10920382291078568,
                    -0.9935669302940369,
                    -0.029987506568431854,
                    0.08992566913366318
                ],
                [
                    -0.6574395895004272,
                    0.04956691712141037,
                    0.7518752217292786,
                    -0.05280548334121704
                ],
                [
                    0.0,
                    0.0,
                    0.0,
                    1.0
                ]
            ]
        },
        {
            "fl_x": 781.9872832428418,
            "fl_y": 781.9872832428418,
            "cx": 489.4672882636424,
            "cy": 365.841552560125,
            "w": 994,
            "h": 738,
            "file_path": "./images/frame_00024.jpg",
            "transform_matrix": [
                [
                    -0.6589880585670471,
                    0.057633984833955765,
                    -0.7499420642852783,
                    -0.4727049171924591
                ],
                [
                    -0.06779267638921738,
                    -0.9975529909133911,
                    -0.0170925073325634,
                    0.10290247946977615
                ],
                [
                    -0.7490920424461365,
                    0.03957682102918625,
                    0.6612826585769653,
                    -0.09798434376716614
                ],
                [
                    0.0,
                    0.0,
                    0.0,
                    1.0
                ]
            ]
        },
        {
            "fl_x": 781.9872832428418,
            "fl_y": 781.9872832428418,
            "cx": 489.4672882636424,
            "cy": 365.841552560125,
            "w": 994,
            "h": 738,
            "file_path": "./images/frame_00025.jpg",
            "transform_matrix": [
                [
                    -0.6094256043434143,
                    0.2507154643535614,
                    -0.7521583437919617,
                    -0.49997571110725403
                ],
                [
                    -0.13505062460899353,
                    -0.9676470160484314,
                    -0.21312104165554047,
                    0.056613627821207047
                ],
                [
                    -0.7812565565109253,
                    -0.028301948681473732,
                    0.6235681176185608,
                    -0.1355777382850647
                ],
                [
                    0.0,
                    0.0,
                    0.0,
                    1.0
                ]
            ]
        },
        {
            "fl_x": 781.9872832428418,
            "fl_y": 781.9872832428418,
            "cx": 489.4672882636424,
            "cy": 365.841552560125,
            "w": 994,
            "h": 738,
            "file_path": "./images/frame_00026.jpg",
            "transform_matrix": [
                [
                    -0.6098755598068237,
                    0.4436885714530945,
                    -0.6566523313522339,
                    -0.4525976777076721
                ],
                [
                    -0.2764853537082672,
                    -0.8956475853919983,
                    -0.34838369488716125,
                    0.03825542330741882
                ],
                [
                    -0.7427029609680176,
                    -0.030915962532162666,
                    0.6689069867134094,
                    -0.12341354787349701
                ],
                [
                    0.0,
                    0.0,
                    0.0,
                    1.0
                ]
            ]
        },
        {
            "fl_x": 781.9872832428418,
            "fl_y": 781.9872832428418,
            "cx": 489.4672882636424,
            "cy": 365.841552560125,
            "w": 994,
            "h": 738,
            "file_path": "./images/frame_00027.jpg",
            "transform_matrix": [
                [
                    -0.6031937599182129,
                    0.6223306059837341,
                    -0.498860627412796,
                    -0.419679194688797
                ],
                [
                    -0.39282506704330444,
                    -0.7761377096176147,
                    -0.493253231048584,
                    0.027652710676193237
                ],
                [
                    -0.6941511034965515,
                    -0.10156232863664627,
                    0.7126284837722778,
                    -0.11955597251653671
                ],
                [
                    0.0,
                    0.0,
                    0.0,
                    1.0
                ]
            ]
        },
        {
            "fl_x": 781.9872832428418,
            "fl_y": 781.9872832428418,
            "cx": 489.4672882636424,
            "cy": 365.841552560125,
            "w": 994,
            "h": 738,
            "file_path": "./images/frame_00028.jpg",
            "transform_matrix": [
                [
                    -0.5465367436408997,
                    0.6706427931785583,
                    -0.5015335083007812,
                    -0.36920487880706787
                ],
                [
                    -0.45296064019203186,
                    -0.740462601184845,
                    -0.4965297281742096,
                    0.01660650037229061
                ],
                [
                    -0.7043609023094177,
                    -0.044196803122758865,
                    0.7084648013114929,
                    -0.08845138549804688
                ],
                [
                    0.0,
                    0.0,
                    0.0,
                    1.0
                ]
            ]
        },
        {
            "fl_x": 781.9872832428418,
            "fl_y": 781.9872832428418,
            "cx": 489.4672882636424,
            "cy": 365.841552560125,
            "w": 994,
            "h": 738,
            "file_path": "./images/frame_00029.jpg",
            "transform_matrix": [
                [
                    -0.5465582609176636,
                    0.6521555781364441,
                    -0.5253257751464844,
                    -0.3733178973197937
                ],
                [
                    -0.45795461535453796,
                    -0.7579684257507324,
                    -0.4645012319087982,
                    0.022026564925909042
                ],
                [
                    -0.7011074423789978,
                    -0.013301591388881207,
                    0.7129315733909607,
                    -0.03728578984737396
                ],
                [
                    0.0,
                    0.0,
                    0.0,
                    1.0
                ]
            ]
        },
        {
            "fl_x": 781.9872832428418,
            "fl_y": 781.9872832428418,
            "cx": 489.4672882636424,
            "cy": 365.841552560125,
            "w": 994,
            "h": 738,
            "file_path": "./images/frame_00030.jpg",
            "transform_matrix": [
                [
                    -0.5781068801879883,
                    0.6259374618530273,
                    -0.5234450697898865,
                    -0.3858458697795868
                ],
                [
                    -0.48503684997558594,
                    -0.7794814705848694,
                    -0.39641889929771423,
                    0.009215790778398514
                ],
                [
                    -0.65614914894104,
                    0.02471764385700226,
                    0.7542263269424438,
                    -0.002888982417061925
                ],
                [
                    0.0,
                    0.0,
                    0.0,
                    1.0
                ]
            ]
        },
        {
            "fl_x": 781.9872832428418,
            "fl_y": 781.9872832428418,
            "cx": 489.4672882636424,
            "cy": 365.841552560125,
            "w": 994,
            "h": 738,
            "file_path": "./images/frame_00031.jpg",
            "transform_matrix": [
                [
                    -0.640462338924408,
                    0.6151182055473328,
                    -0.4598233997821808,
                    -0.38984760642051697
                ],
                [
                    -0.539936900138855,
                    -0.7864331603050232,
                    -0.29998502135276794,
                    -0.005189791321754456
                ],
                [
                    -0.5461466312408447,
                    0.05614650249481201,
                    0.8358058333396912,
                    0.02425967901945114
                ],
                [
                    0.0,
                    0.0,
                    0.0,
                    1.0
                ]
            ]
        },
        {
            "fl_x": 781.9872832428418,
            "fl_y": 781.9872832428418,
            "cx": 489.4672882636424,
            "cy": 365.841552560125,
            "w": 994,
            "h": 738,
            "file_path": "./images/frame_00032.jpg",
            "transform_matrix": [
                [
                    -0.6136071085929871,
                    0.7652822732925415,
                    -0.19449758529663086,
                    -0.3035808801651001
                ],
                [
                    -0.7330593466758728,
                    -0.643649160861969,
                    -0.21986304223537445,
                    -0.010964843444526196
                ],
                [
                    -0.29344549775123596,
                    0.007668755482882261,
                    0.9559450745582581,
                    0.040206294506788254
                ],
                [
                    0.0,
                    0.0,
                    0.0,
                    1.0
                ]
            ]
        },
        {
            "fl_x": 781.9872832428418,
            "fl_y": 781.9872832428418,
            "cx": 489.4672882636424,
            "cy": 365.841552560125,
            "w": 994,
            "h": 738,
            "file_path": "./images/frame_00033.jpg",
            "transform_matrix": [
                [
                    -0.44585493206977844,
                    0.894688606262207,
                    0.02730746753513813,
                    -0.24222423136234283
                ],
                [
                    -0.8719438910484314,
                    -0.4272209405899048,
                    -0.23915711045265198,
                    0.020534014329314232
                ],
                [
                    -0.20230482518672943,
                    -0.13043995201587677,
                    0.9705967903137207,
                    0.02479299157857895
                ],
                [
                    0.0,
                    0.0,
                    0.0,
                    1.0
                ]
            ]
        },
        {
            "fl_x": 781.9872832428418,
            "fl_y": 781.9872832428418,
            "cx": 489.4672882636424,
            "cy": 365.841552560125,
            "w": 994,
            "h": 738,
            "file_path": "./images/frame_00034.jpg",
            "transform_matrix": [
                [
                    -0.20654065907001495,
                    0.9655572772026062,
                    0.15824079513549805,
                    -0.18822573125362396
                ],
                [
                    -0.9468361735343933,
                    -0.1564672589302063,
                    -0.2811037003993988,
                    0.05805942043662071
                ],
                [
                    -0.2466622143983841,
                    -0.2078874409198761,
                    0.9465413689613342,
                    0.00022434646962210536
                ],
                [
                    0.0,
                    0.0,
                    0.0,
                    1.0
                ]
            ]
        },
        {
            "fl_x": 781.9872832428418,
            "fl_y": 781.9872832428418,
            "cx": 489.4672882636424,
            "cy": 365.841552560125,
            "w": 994,
            "h": 738,
            "file_path": "./images/frame_00035.jpg",
            "transform_matrix": [
                [
                    0.1291687786579132,
                    0.9595339298248291,
                    0.25022003054618835,
                    -0.15711773931980133
                ],
                [
                    -0.8971909284591675,
                    0.2205551415681839,
                    -0.38262760639190674,
                    0.027301441878080368
                ],
                [
                    -0.42233148217201233,
                    -0.1750715970993042,
                    0.8893739581108093,
                    -0.003329323837533593
                ],
                [
                    0.0,
                    0.0,
                    0.0,
                    1.0
                ]
            ]
        },
        {
            "fl_x": 781.9872832428418,
            "fl_y": 781.9872832428418,
            "cx": 489.4672882636424,
            "cy": 365.841552560125,
            "w": 994,
            "h": 738,
            "file_path": "./images/frame_00036.jpg",
            "transform_matrix": [
                [
                    0.1990087330341339,
                    0.9334805607795715,
                    0.2983446717262268,
                    -0.1207098588347435
                ],
                [
                    -0.8444932699203491,
                    0.3178115487098694,
                    -0.4310765266418457,
                    -0.062142711132764816
                ],
                [
                    -0.49721893668174744,
                    -0.16616207361221313,
                    0.8515653014183044,
                    -0.02384290099143982
                ],
                [
                    0.0,
                    0.0,
                    0.0,
                    1.0
                ]
            ]
        },
        {
            "fl_x": 781.9872832428418,
            "fl_y": 781.9872832428418,
            "cx": 489.4672882636424,
            "cy": 365.841552560125,
            "w": 994,
            "h": 738,
            "file_path": "./images/frame_00037.jpg",
            "transform_matrix": [
                [
                    0.3458455204963684,
                    0.8382967114448547,
                    0.42148488759994507,
                    -0.07222123444080353
                ],
                [
                    -0.7717897891998291,
                    0.5096185207366943,
                    -0.380301833152771,
                    -0.09702054411172867
                ],
                [
                    -0.533602237701416,
                    -0.19377204775810242,
                    0.8232381343841553,
                    -0.05795127525925636
                ],
                [
                    0.0,
                    0.0,
                    0.0,
                    1.0
                ]
            ]
        },
        {
            "fl_x": 781.9872832428418,
            "fl_y": 781.9872832428418,
            "cx": 489.4672882636424,
            "cy": 365.841552560125,
            "w": 994,
            "h": 738,
            "file_path": "./images/frame_00038.jpg",
            "transform_matrix": [
                [
                    0.42792415618896484,
                    0.7478055953979492,
                    0.5076097846031189,
                    -0.05287173017859459
                ],
                [
                    -0.6704839468002319,
                    0.6392723917961121,
                    -0.37653958797454834,
                    -0.006052002776414156
                ],
                [
                    -0.6060793399810791,
                    -0.17921385169029236,
                    0.7749517560005188,
                    -0.06593756377696991
                ],
                [
                    0.0,
                    0.0,
                    0.0,
